123985053876355074 686
132778870523822080 425
125774494857035777 219
227271592172978187 204
144342063788457984 159
90660387946520576 143
354202172415803393 141
138458225958715392 137
126870030003601408 131
185640903615053824 120
197521341618847744 114
229725282980986880 108
267739627283152896 107
255271880976498688 95
144677328247586816 95
217829389218480128 77
171385956148969473 72
149652275642499083 70
124024478673010688 66
123984706709618688 64
131250641946411008 63
214061438619090944 63
124317728096911361 53
197172860563881984 50
154058474945380353 47
101400501504987136 47
255118373224972288 40
144323379380486144 40
130094570913529856 37
264593662518755330 37
122856551848476676 34
132341257090498560 33
166695021645398016 30
125007221837791233 28
80826478278746112 25
117907396004675585 24
122855772299329537 22
66237989134544896 13
350495080806875136 6
157262048508510208 0
124995712239927296 -11
193888573949214720 -16
234758375466991626 -23
259242124707364875 -49
260658975702253568 -109
