all 5727
loss 15
bed 195
gay 32
winner 122856551848476676
year 2018
month 9
day 8
157262048508510208 867
122855772299329537 813
123984706709618688 198
66237989134544896 148
229725282980986880 120
166695021645398016 36
354202172415803393 19
124024478673010688 34
124317728096911361 14
125007221837791233 160
138458225958715392 1
197521341618847744 59
125774494857035777 5
101400501504987136 1
227271592172978187 2
122856551848476676 1904
123985053876355074 1287
80826478278746112 43
117907396004675585 11
264593662518755330 21
132778870523822080 1
350495080806875136 15
